line 64
32 2 2 20 1 0 60 20
33 26 2 26 47 0 13 26
34 56 2 30 47 0 13 30
35 90 2 48 46 0 14 48
36 142 2 40 59 0 11 40
37 186 2 58 49 0 12 58
38 248 2 50 49 0 12 50
39 302 2 18 47 0 13 18
40 324 2 26 58 0 11 26
41 354 2 26 58 0 11 26
42 384 2 30 48 0 12 30
43 418 2 48 41 0 19 48
44 470 2 22 23 0 47 22
45 496 2 24 23 0 37 24
46 524 2 22 13 0 47 22
47 550 2 22 53 0 13 21
48 576 2 40 49 0 12 40
49 620 2 40 47 0 13 40
50 664 2 40 48 0 12 40
51 708 2 40 49 0 12 40
52 752 2 40 47 0 13 40
53 796 2 40 48 0 13 40
54 840 2 40 49 0 12 40
55 884 2 40 47 0 13 40
56 928 2 40 49 0 12 40
57 972 2 40 49 0 12 40
58 2 82 23 35 0 25 23
59 29 82 23 45 0 25 23
60 56 82 48 39 0 21 48
61 108 82 48 31 0 29 48
62 160 82 48 39 0 21 48
63 212 82 33 48 0 12 33
64 249 82 58 57 0 15 58
65 311 82 45 47 0 13 45
66 360 82 44 47 0 13 44
67 408 82 42 49 0 12 42
68 454 82 48 47 0 13 48
69 506 82 39 47 0 13 39
70 549 82 39 47 0 13 39
71 592 82 47 49 0 12 47
72 643 82 48 47 0 13 48
73 695 82 21 47 0 13 21
74 720 82 25 60 -4 13 21
75 749 82 47 47 0 13 45
76 800 82 37 47 0 13 37
77 841 82 57 47 0 13 57
78 902 82 48 47 0 13 48
79 954 82 49 49 0 12 49
80 2 162 42 47 0 13 42
81 48 162 49 58 0 12 49
82 101 162 44 47 0 13 44
83 149 162 41 49 0 12 41
84 194 162 39 47 0 13 39
85 237 162 47 48 0 13 47
86 288 162 45 47 0 13 45
87 337 162 64 47 0 13 64
88 405 162 44 47 0 13 44
89 453 162 44 47 -1 13 42
90 501 162 42 47 0 13 42
91 547 162 26 58 0 11 26
92 577 162 22 53 0 13 21
93 603 162 26 58 0 11 26
94 633 162 48 47 0 13 48
95 685 162 29 16 0 60 29
96 718 162 29 52 0 8 29
97 751 162 39 37 0 24 39
98 794 162 41 50 0 11 41
99 839 162 34 37 0 24 34
100 877 162 41 50 0 11 41
101 922 162 39 37 0 24 39
102 965 162 26 49 0 11 25
103 2 242 41 50 0 24 41
104 47 242 41 49 0 11 41
105 92 242 20 49 0 11 20
106 116 242 22 63 -2 11 20
107 142 242 40 49 0 11 38
108 186 242 20 49 0 11 20
109 210 242 60 36 0 24 60
110 274 242 41 36 0 24 41
111 319 242 40 37 0 24 40
112 363 242 41 50 0 24 41
113 408 242 41 50 0 24 41
114 453 242 29 36 0 24 28
115 486 242 34 37 0 24 34
116 524 242 28 45 0 15 28
117 556 242 41 36 0 25 41
118 601 242 38 35 0 25 38
119 643 242 53 35 0 25 53
120 700 242 37 35 0 25 37
121 741 242 38 49 0 25 38
122 783 242 34 35 0 25 34
123 821 242 41 60 0 11 41
124 866 242 21 65 0 11 21
125 891 242 41 60 0 11 41
126 936 242 48 27 0 33 48
